 1 	 138998  		78.84 %
 2 	 138302  		67.28 %
 3 	 139162  		68.66 %
 4 	 137658  		66.89 %
 5 	 137956  		67.26 %
 6 	 137944  		79.55 %
 7 	 137274  		79.78 %
 8 	 137184  		79.60 %
 9 	 136620  		78.99 %
 10 	 136658  		79.13 %
 11 	 136544  		79.10 %
 12 	 136662  		78.83 %
 13 	 137244  		79.87 %
 14 	 136872  		79.57 %
 15 	 136048  		77.50 %
 16 	 136030  		78.04 %
 17 	 136046  		78.21 %
 18 	 136104  		77.99 %
 19 	 136362  		78.69 %
 20 	 135782  		78.07 %
 21 	 135714  		77.72 %
 22 	 111984  		47.00 %
 23 	 112234  		46.60 %
 24 	 113338  		48.45 %
 25 	 112234  		47.12 %
 26 	 113074  		48.07 %
 27 	 112058  		47.46 %
 28 	 112308  		47.20 %
 29 	 111856  		46.46 %
 30 	 111626  		46.72 %
 31 	 112048  		46.88 %
 32 	 111970  		46.74 %
 33 	 111848  		46.70 %
 34 	 111462  		45.89 %
 35 	 112858  		47.80 %
 36 	 111514  		46.33 %
 37 	 112264  		47.28 %
 38 	 111044  		45.42 %
 39 	 112064  		46.36 %
 40 	 111378  		46.03 %
 41 	 111692  		45.89 %
 42 	 111572  		46.21 %
 43 	 111310  		45.58 %
 44 	 110950  		45.01 %
 45 	 111210  		45.87 %
 46 	 110910  		44.40 %
 47 	 110230  		44.52 %
 48 	 109924  		44.03 %
 49 	 110436  		44.36 %
 50 	 110018  		43.92 %
 51 	 110162  		44.62 %
 52 	 110306  		43.99 %
 53 	 110222  		43.54 %
 54 	 110110  		43.16 %
 55 	 110036  		44.44 %
 56 	 110136  		43.35 %
 57 	 109996  		43.52 %
 58 	 110086  		43.31 %
 59 	 109988  		43.78 %
 60 	 110058  		43.64 %
 61 	 109970  		43.09 %
 62 	 110084  		40.56 %
 63 	 110078  		44.11 %
 64 	 110086  		43.88 %
 65 	 109578  		43.33 %
 66 	 109586  		43.90 %
 67 	 109562  		43.02 %
 68 	 109570  		43.44 %
 69 	 110058  		43.54 %
 70 	 109528  		43.25 %
 71 	 109560  		42.16 %
 72 	 109508  		42.61 %
 73 	 109580  		43.59 %
 74 	 109674  		43.54 %
 75 	 110084  		44.14 %
 76 	 109712  		43.81 %
 77 	 109568  		43.22 %
 78 	 110124  		44.03 %
 79 	 109578  		42.98 %
 80 	 109662  		43.91 %
 81 	 109516  		43.96 %
 82 	 110220  		44.37 %
 83 	 109766  		43.66 %
 84 	 109722  		43.69 %
 85 	 109678  		43.79 %
 86 	 109516  		42.32 %
 87 	 109360  		43.46 %
 88 	 109498  		43.48 %
 89 	 109322  		43.06 %
 90 	 109134  		42.57 %
 91 	 108898  		42.66 %
 92 	 108918  		42.68 %
 93 	 109978  		44.29 %
 94 	 108538  		41.83 %
 95 	 108898  		43.05 %
 96 	 109950  		44.64 %
 97 	 98124  		28.09 %
 98 	 97772  		27.58 %
 99 	 98022  		28.47 %
 100 	 108664  		42.36 %
 101 	 99114  		30.01 %
 102 	 98562  		29.22 %
 103 	 97788  		28.39 %
 104 	 97872  		28.01 %
 105 	 97704  		27.87 %
 106 	 97556  		28.04 %
 107 	 97366  		27.38 %
 108 	 95426  		24.97 %
 109 	 95784  		25.66 %
 110 	 97728  		28.16 %
 111 	 95662  		25.41 %
 112 	 95850  		25.74 %
 113 	 98902  		29.35 %
 114 	 95596  		25.16 %
 115 	 95862  		25.34 %
 116 	 95846  		25.32 %
 117 	 95554  		24.88 %
 118 	 95056  		24.13 %
 119 	 95464  		24.65 %
 120 	 94988  		23.68 %
 121 	 95094  		24.12 %
 122 	 94888  		23.74 %
 123 	 94988  		24.58 %
 124 	 94764  		24.03 %
 125 	 94482  		23.78 %
 126 	 95044  		24.37 %
 127 	 94920  		24.18 %
 128 	 94512  		23.80 %
 129 	 94988  		24.52 %
 130 	 94190  		23.17 %
 131 	 94112  		22.87 %
 132 	 94426  		23.24 %
 133 	 94412  		23.26 %
 134 	 94926  		24.57 %
 135 	 94392  		23.07 %
 136 	 94102  		23.30 %
 137 	 94116  		23.24 %
 138 	 94070  		23.14 %
 139 	 94420  		23.69 %
 140 	 94128  		23.47 %
 141 	 94798  		24.37 %
 142 	 94144  		23.47 %
 143 	 94024  		23.19 %
 144 	 94280  		23.35 %
 145 	 94956  		24.58 %
 146 	 94002  		23.12 %
 147 	 95086  		24.46 %
 148 	 95130  		24.65 %
 149 	 95056  		24.69 %
 150 	 94894  		24.58 %
 151 	 94688  		24.08 %
 152 	 94878  		23.77 %
 153 	 94750  		23.56 %
 154 	 95006  		23.82 %
 155 	 94748  		23.98 %
 156 	 94890  		23.89 %
 157 	 94596  		23.27 %
 158 	 94774  		23.34 %
 159 	 94910  		24.13 %
 160 	 94982  		23.96 %
 161 	 95070  		23.79 %
 162 	 95032  		23.85 %
 163 	 95256  		23.90 %
 164 	 94976  		23.48 %
 165 	 94822  		24.40 %
 166 	 94928  		23.73 %
 167 	 94698  		23.50 %
 168 	 95100  		23.73 %
 169 	 94528  		23.93 %
 170 	 94994  		23.51 %
 171 	 94888  		23.61 %
 172 	 94646  		23.42 %
 173 	 94852  		23.53 %
 174 	 94838  		23.58 %
 175 	 94792  		23.54 %
 176 	 94366  		23.22 %
 177 	 94808  		23.80 %
 178 	 94738  		23.70 %
 179 	 94970  		23.85 %
 180 	 94620  		23.49 %
 181 	 94176  		23.14 %
 182 	 94396  		23.29 %
 183 	 94098  		22.70 %
 184 	 94158  		23.30 %
 185 	 94340  		22.86 %
 186 	 94088  		22.52 %
 187 	 94318  		22.82 %
 188 	 94008  		22.62 %
 189 	 94112  		23.77 %
 190 	 94134  		23.81 %
 191 	 94794  		23.45 %
 192 	 94966  		23.45 %
 193 	 94460  		23.13 %
 194 	 93990  		23.19 %
 195 	 94198  		23.04 %
 196 	 94462  		23.45 %
 197 	 94298  		23.10 %
 198 	 94846  		23.58 %
 199 	 94036  		22.66 %
 200 	 94482  		23.45 %
 201 	 94756  		23.26 %
 202 	 94874  		23.58 %
 203 	 94216  		22.99 %
 204 	 93740  		22.33 %
 205 	 94126  		23.27 %
 206 	 94210  		22.98 %
 207 	 94146  		22.86 %
 208 	 94282  		23.03 %
 209 	 94986  		23.71 %
 210 	 94510  		23.43 %
 211 	 94806  		24.50 %
 212 	 94106  		23.69 %
 213 	 94868  		23.64 %
 214 	 94158  		22.25 %
 215 	 94940  		25.37 %
 216 	 94274  		24.84 %
 217 	 94130  		24.44 %
 218 	 94172  		24.39 %
 219 	 94052  		24.51 %
 220 	 93968  		24.28 %
 221 	 94272  		24.72 %
 222 	 94086  		24.71 %
 223 	 94126  		24.53 %
 224 	 94370  		23.41 %
 225 	 94108  		23.07 %
 226 	 93888  		23.75 %
 227 	 94084  		24.28 %
 228 	 94072  		24.38 %
 229 	 94928  		23.96 %
 230 	 94380  		23.64 %
 231 	 94478  		23.42 %
 232 	 93970  		22.86 %
 233 	 94342  		23.39 %
 234 	 93870  		22.64 %
 235 	 94102  		22.89 %
 236 	 93958  		22.79 %
 237 	 94560  		23.70 %
 238 	 94470  		23.75 %
 239 	 94476  		23.58 %
 240 	 94188  		23.36 %
 241 	 94222  		23.34 %
 242 	 94452  		23.38 %
 243 	 94364  		23.38 %
 244 	 94240  		23.43 %
 245 	 93994  		23.21 %
 246 	 94082  		24.07 %
 247 	 94192  		23.52 %
 248 	 94294  		23.53 %
 249 	 94246  		23.17 %
 250 	 94130  		23.32 %
 251 	 94328  		23.53 %
 252 	 94620  		23.59 %
 253 	 94524  		23.39 %
 254 	 94212  		23.39 %
 255 	 94754  		24.17 %
 256 	 94444  		23.15 %
 257 	 92978  		22.00 %
 258 	 94490  		23.36 %
 259 	 94186  		22.98 %
 260 	 93266  		21.76 %
 261 	 94644  		23.49 %
 262 	 94332  		23.46 %
 263 	 93070  		21.68 %
 264 	 93698  		22.45 %
 265 	 93220  		21.91 %
 266 	 93772  		22.50 %
 267 	 92478  		20.01 %
 268 	 92392  		21.01 %
 269 	 92436  		20.64 %
 270 	 92628  		20.91 %
 271 	 92316  		20.66 %
 272 	 92458  		20.85 %
 273 	 92384  		20.79 %
 274 	 92382  		20.52 %
 275 	 93346  		21.93 %
 276 	 93214  		21.92 %
 277 	 92450  		20.90 %
 278 	 93262  		22.13 %
 279 	 93072  		21.83 %
 280 	 92946  		21.49 %
 281 	 93320  		21.84 %
 282 	 93160  		21.71 %
 283 	 93326  		22.00 %
 284 	 93220  		21.19 %
 285 	 93928  		22.76 %
 286 	 92786  		21.31 %
 287 	 92830  		21.86 %
 288 	 92826  		21.26 %
 289 	 92462  		20.97 %
 290 	 92478  		20.95 %
 291 	 92998  		21.33 %
 292 	 92768  		21.32 %
 293 	 93186  		21.77 %
 294 	 92928  		21.57 %
 295 	 93040  		21.65 %
 296 	 92578  		20.81 %
 297 	 92758  		21.40 %
 298 	 92522  		20.82 %
 299 	 92452  		20.87 %
 300 	 92734  		21.07 %
 301 	 92448  		20.77 %
 302 	 92586  		21.03 %
 303 	 92134  		20.37 %
 304 	 92462  		20.64 %
 305 	 92602  		21.00 %
 306 	 92402  		20.71 %
 307 	 92280  		20.56 %
 308 	 92776  		21.04 %
 309 	 92848  		21.37 %
 310 	 92950  		21.51 %
 311 	 93890  		22.64 %
 312 	 92584  		20.88 %
 313 	 92836  		21.03 %
 314 	 92264  		20.47 %
 315 	 92464  		21.01 %
 316 	 92374  		20.95 %
 317 	 92940  		21.13 %
 318 	 92574  		20.98 %
 319 	 92290  		20.75 %
 320 	 91836  		20.28 %
 321 	 92282  		20.94 %
 322 	 92350  		20.73 %
 323 	 92996  		21.41 %
 324 	 93612  		22.38 %
 325 	 93534  		22.15 %
 326 	 92198  		20.62 %
 327 	 92090  		20.59 %
 328 	 91828  		20.15 %
 329 	 92226  		20.32 %
 330 	 92284  		20.87 %
 331 	 92342  		20.74 %
 332 	 91990  		20.59 %
 333 	 92252  		20.38 %
 334 	 92072  		20.32 %
 335 	 91824  		20.03 %
 336 	 92002  		20.36 %
 337 	 92338  		20.81 %
 338 	 92034  		20.38 %
 339 	 91916  		20.18 %
 340 	 91888  		20.03 %
 341 	 92242  		20.50 %
 342 	 92146  		20.57 %
 343 	 92160  		20.44 %
 344 	 91916  		22.05 %
 345 	 91886  		21.61 %
 346 	 91872  		22.14 %
 347 	 91690  		22.23 %
 348 	 91638  		22.02 %
 349 	 91798  		22.83 %
 350 	 91900  		22.95 %
 351 	 91588  		22.30 %
 352 	 91756  		22.45 %
 353 	 91794  		22.63 %
 354 	 91754  		22.79 %
 355 	 91944  		22.39 %
 356 	 91828  		21.65 %
 357 	 91628  		22.72 %
 358 	 91610  		22.41 %
 359 	 91894  		23.10 %
 360 	 92018  		23.07 %
 361 	 91858  		22.71 %
 362 	 91720  		22.67 %
 363 	 91716  		22.55 %
 364 	 91728  		23.04 %
 365 	 91552  		22.63 %
 366 	 91924  		22.93 %
 367 	 91648  		21.81 %
 368 	 91576  		22.51 %
 369 	 91238  		21.97 %
 370 	 91660  		22.47 %
 371 	 91580  		22.55 %
 372 	 91716  		22.27 %
 373 	 91112  		21.60 %
 374 	 91554  		22.40 %
 375 	 91546  		22.08 %
 376 	 91722  		22.51 %
 377 	 91582  		22.56 %
 378 	 91712  		22.70 %
 379 	 91712  		22.57 %
 380 	 91802  		22.89 %
 381 	 91594  		22.29 %
 382 	 91744  		22.77 %
 383 	 91074  		21.85 %
 384 	 91702  		22.58 %
 385 	 91198  		21.92 %
 386 	 91648  		22.65 %
 387 	 91078  		21.83 %
 388 	 91090  		21.78 %
 389 	 91008  		21.59 %
 390 	 91246  		22.08 %
 391 	 91244  		21.81 %
 392 	 91550  		22.44 %
 393 	 91258  		22.04 %
 394 	 91362  		22.15 %
 395 	 91712  		22.72 %
 396 	 91150  		21.78 %
 397 	 91132  		22.02 %
 398 	 90794  		21.46 %
 399 	 91238  		22.02 %
 400 	 91054  		21.74 %
 401 	 91168  		21.92 %
 402 	 91312  		22.33 %
 403 	 90912  		21.14 %
 404 	 90908  		21.71 %
 405 	 91338  		22.23 %
 406 	 90896  		21.38 %
 407 	 90858  		21.53 %
 408 	 91484  		21.38 %
 409 	 90892  		20.47 %
 410 	 91566  		23.11 %
 411 	 90896  		22.25 %
 412 	 91018  		22.61 %
 413 	 91148  		22.78 %
 414 	 91540  		23.16 %
 415 	 90832  		22.06 %
 416 	 90984  		22.60 %
 417 	 90870  		22.43 %
 418 	 90936  		22.63 %
 419 	 90796  		22.36 %
 420 	 90766  		22.40 %
 421 	 90920  		22.62 %
 422 	 91058  		22.58 %
 423 	 91620  		23.66 %
 424 	 91208  		22.89 %
 425 	 91050  		22.86 %
 426 	 91158  		22.47 %
 427 	 90998  		22.82 %
 428 	 90874  		22.62 %
 429 	 90960  		22.53 %
 430 	 90972  		22.54 %
 431 	 91074  		22.85 %
 432 	 91262  		22.72 %
 433 	 91182  		22.64 %
 434 	 90882  		22.33 %
 435 	 91010  		22.57 %
 436 	 90768  		20.55 %
 437 	 90982  		22.21 %
 438 	 90914  		22.36 %
 439 	 90938  		22.15 %
 440 	 91218  		22.35 %
 441 	 90828  		22.27 %
 442 	 91066  		22.13 %
 443 	 91172  		21.47 %
 444 	 91474  		22.63 %
 445 	 90952  		22.05 %
 446 	 91226  		21.52 %
 447 	 91228  		21.08 %
 448 	 91420  		21.74 %
 449 	 91114  		23.25 %
 450 	 91386  		21.39 %
 451 	 91188  		22.42 %
 452 	 91312  		22.62 %
 453 	 91224  		22.63 %
 454 	 91646  		23.46 %
 455 	 90758  		22.03 %
 456 	 90716  		21.43 %
 457 	 91166  		22.56 %
 458 	 90460  		21.82 %
 459 	 91184  		22.76 %
 460 	 91104  		22.43 %
 461 	 91196  		21.02 %
 462 	 90762  		20.55 %
 463 	 90602  		21.19 %
 464 	 90672  		21.56 %
 465 	 91020  		22.03 %
 466 	 90620  		21.11 %
 467 	 91112  		21.88 %
 468 	 91244  		22.22 %
 469 	 90928  		21.61 %
 470 	 90610  		21.30 %
 471 	 90488  		20.92 %
 472 	 90540  		20.70 %
 473 	 90672  		20.74 %
 474 	 90700  		21.33 %
 475 	 90702  		20.97 %
 476 	 91166  		20.94 %
 477 	 90886  		21.17 %
 478 	 90910  		21.27 %
 479 	 90988  		20.80 %
 480 	 90864  		20.37 %
 481 	 90760  		20.25 %
 482 	 90952  		23.34 %
 483 	 90876  		23.52 %
 484 	 90930  		23.28 %
 485 	 91010  		23.61 %
 486 	 90656  		23.21 %
 487 	 90736  		23.15 %
 488 	 90476  		22.58 %
 489 	 91044  		23.64 %
 490 	 91260  		24.07 %
 491 	 90698  		23.22 %
 492 	 90542  		22.79 %
 493 	 90898  		23.45 %
 494 	 90864  		23.22 %
 495 	 90694  		23.35 %
 496 	 90736  		23.00 %
 497 	 88868  		20.65 %
 498 	 91046  		23.61 %
 499 	 89002  		20.75 %
 500 	 91086  		23.61 %
 501 	 88716  		20.18 %
 502 	 88840  		20.44 %
 503 	 90610  		23.05 %
 504 	 91258  		23.76 %
 505 	 90604  		22.09 %
 506 	 88762  		20.15 %
 507 	 91102  		23.27 %
 508 	 88762  		20.39 %
 509 	 88808  		20.47 %
 510 	 88732  		20.38 %
 511 	 88884  		20.69 %
 512 	 90618  		22.69 %
 513 	 90520  		22.85 %
 514 	 91364  		23.74 %
 515 	 90686  		22.25 %
 516 	 90686  		22.90 %
 517 	 90670  		23.10 %
 518 	 90634  		22.98 %
 519 	 88788  		20.39 %
 520 	 90676  		22.90 %
 521 	 91150  		23.71 %
 522 	 91162  		23.58 %
 523 	 90658  		22.91 %
 524 	 90736  		22.99 %
 525 	 91074  		23.41 %
 526 	 88752  		20.31 %
 527 	 88742  		20.41 %
 528 	 88698  		20.24 %
 529 	 88584  		20.23 %
 530 	 88750  		20.32 %
 531 	 88964  		20.78 %
 532 	 88748  		20.42 %
 533 	 88772  		20.37 %
 534 	 90442  		22.68 %
 535 	 88744  		20.28 %
 536 	 88920  		20.60 %
 537 	 88602  		20.30 %
 538 	 88736  		20.46 %
 539 	 88788  		20.64 %
 540 	 89088  		20.72 %
 541 	 88742  		20.37 %
 542 	 90506  		22.87 %
 543 	 90678  		23.03 %
 544 	 88572  		20.19 %
 545 	 88762  		20.61 %
 546 	 88026  		19.53 %
 547 	 88064  		19.52 %
 548 	 89218  		20.61 %
 549 	 90606  		22.86 %
 550 	 90520  		22.81 %
 551 	 88878  		20.70 %
 552 	 90628  		23.07 %
 553 	 88210  		19.72 %
 554 	 87124  		18.29 %
 555 	 87026  		18.08 %
 556 	 87072  		17.95 %
 557 	 86980  		18.01 %
 558 	 88154  		19.64 %
 559 	 88124  		19.88 %
 560 	 87124  		18.43 %
 561 	 88026  		19.72 %
 562 	 88184  		19.61 %
 563 	 86970  		18.12 %
 564 	 86902  		17.78 %
 565 	 89692  		21.77 %
 566 	 87188  		18.35 %
 567 	 87996  		19.10 %
 568 	 86950  		17.56 %
 569 	 88170  		18.34 %
 570 	 88038  		18.16 %
 571 	 86890  		17.94 %
 572 	 87124  		18.14 %
 573 	 87040  		18.41 %
 574 	 86838  		17.74 %
 575 	 88072  		19.62 %
 576 	 87996  		19.55 %
 577 	 89078  		18.92 %
 578 	 89492  		19.59 %
 579 	 86822  		16.29 %
 580 	 87048  		16.78 %
 581 	 87444  		17.28 %
 582 	 86736  		16.35 %
 583 	 87094  		16.89 %
 584 	 87066  		16.80 %
 585 	 86908  		16.53 %
 586 	 86996  		16.48 %
 587 	 86864  		16.74 %
 588 	 87056  		17.00 %
 589 	 86644  		16.05 %
 590 	 86806  		16.48 %
 591 	 86230  		15.70 %
 592 	 86136  		15.79 %
 593 	 86124  		15.47 %
 594 	 86678  		16.05 %
 595 	 86878  		16.63 %
 596 	 86056  		17.32 %
 597 	 85974  		17.19 %
 598 	 86824  		18.02 %
 599 	 86088  		17.28 %
 600 	 86276  		17.72 %
 601 	 86180  		17.37 %
 602 	 86192  		17.63 %
 603 	 86182  		17.35 %
 604 	 86852  		18.13 %
 605 	 86248  		17.62 %
 606 	 86750  		18.44 %
 607 	 84194  		14.52 %
 608 	 88104  		19.92 %
 609 	 88942  		20.98 %
 610 	 89150  		21.62 %
 611 	 88874  		20.59 %
 612 	 89090  		21.44 %
 613 	 84376  		14.78 %
 614 	 84680  		15.42 %
 615 	 88120  		20.30 %
 616 	 87768  		19.48 %
 617 	 87842  		19.87 %
 618 	 88046  		19.94 %
 619 	 84558  		15.15 %
 620 	 84498  		14.99 %
 621 	 87782  		19.59 %
 622 	 84490  		15.32 %
 623 	 84234  		14.82 %
 624 	 88066  		18.10 %
 625 	 84148  		17.83 %
 626 	 84580  		18.65 %
 627 	 84314  		17.97 %
 628 	 87754  		22.83 %
 629 	 87670  		22.97 %
 630 	 86798  		21.90 %
 631 	 86064  		17.79 %
 632 	 85340  		19.46 %
 633 	 86854  		21.83 %
 634 	 85122  		19.14 %
 635 	 85324  		19.50 %
 636 	 85190  		19.06 %
 637 	 86130  		20.61 %
 638 	 85236  		18.98 %
 639 	 86782  		21.29 %
 640 	 86248  		20.35 %
 641 	 85366  		19.39 %
 642 	 86348  		21.21 %
 643 	 85276  		19.31 %
 644 	 86320  		20.80 %
 645 	 85958  		20.30 %
 646 	 85384  		19.50 %
 647 	 85438  		19.55 %
 648 	 86878  		21.21 %
 649 	 85332  		19.56 %
 650 	 85890  		20.48 %
 651 	 85968  		20.32 %
 652 	 85928  		20.18 %
 653 	 85952  		20.32 %
 654 	 85368  		19.04 %
 655 	 85940  		20.35 %
 656 	 85978  		20.28 %
 657 	 85328  		19.32 %
 658 	 85304  		19.38 %
 659 	 85140  		14.16 %
 660 	 84356  		21.02 %
 661 	 85394  		22.88 %
 662 	 84368  		20.98 %
 663 	 84286  		20.97 %
 664 	 84826  		21.23 %
 665 	 84212  		20.83 %
 666 	 85364  		22.52 %
 667 	 85264  		22.31 %
 668 	 85060  		21.99 %
 669 	 85300  		22.69 %
 670 	 85232  		21.93 %
 671 	 85288  		22.44 %
 672 	 85208  		22.25 %
 673 	 84178  		20.63 %
 674 	 85206  		22.35 %
 675 	 84982  		21.93 %
 676 	 84120  		20.76 %
 677 	 83542  		20.12 %
 678 	 83506  		19.71 %
 679 	 84188  		20.63 %
 680 	 83950  		20.21 %
 681 	 83492  		19.96 %
 682 	 83558  		19.83 %
 683 	 84730  		21.13 %
 684 	 85230  		22.24 %
 685 	 85038  		21.96 %
 686 	 83222  		19.59 %
 687 	 85202  		22.51 %
 688 	 83500  		19.96 %
 689 	 83496  		19.87 %
 690 	 83066  		19.11 %
 691 	 85136  		15.47 %
 692 	 83340  		22.46 %
 693 	 81656  		20.54 %
 694 	 85138  		25.57 %
 695 	 85018  		24.88 %
 696 	 83346  		22.73 %
 697 	 81902  		20.16 %
 698 	 81536  		19.89 %
 699 	 81714  		20.38 %
 700 	 83074  		22.49 %
 701 	 81692  		20.38 %
 702 	 85108  		25.22 %
 703 	 83142  		21.86 %
 704 	 81820  		20.51 %
 705 	 81826  		19.97 %
 706 	 84872  		24.89 %
 707 	 83276  		22.66 %
 708 	 83238  		22.72 %
 709 	 84834  		25.03 %
 710 	 84852  		25.19 %
 711 	 82720  		21.67 %
 712 	 82744  		21.46 %
 713 	 81006  		18.96 %
 714 	 81020  		19.46 %
 715 	 82584  		21.07 %
 716 	 80842  		19.21 %
 717 	 82542  		21.54 %
 718 	 82458  		21.60 %
 719 	 83214  		22.77 %
 720 	 80944  		18.91 %
 721 	 80984  		19.54 %
 722 	 83126  		22.42 %
 723 	 84984  		24.57 %
 724 	 82786  		11.12 %
 725 	 79300  		19.57 %
 726 	 82834  		24.91 %
 727 	 83214  		25.89 %
 728 	 79532  		20.06 %
 729 	 82750  		25.22 %
 730 	 79354  		19.40 %
 731 	 79288  		19.56 %
 732 	 82468  		24.21 %
 733 	 79398  		19.55 %
 734 	 80834  		21.78 %
 735 	 80834  		21.49 %
 736 	 82320  		24.14 %
 737 	 82394  		24.15 %
 738 	 80942  		22.10 %
 739 	 79592  		20.18 %
 740 	 79466  		19.95 %
 741 	 80916  		22.25 %
 742 	 79368  		19.82 %
 743 	 79580  		19.80 %
 744 	 80310  		20.99 %
 745 	 80198  		20.95 %
 746 	 80478  		21.40 %
 747 	 80308  		20.87 %
 748 	 80276  		21.09 %
 749 	 83314  		25.28 %
 750 	 80328  		21.22 %
 751 	 80904  		22.06 %
 752 	 80306  		21.07 %
 753 	 81002  		21.94 %
 754 	 80200  		20.63 %
 755 	 80072  		20.81 %
 756 	 81116  		9.05 %
 757 	 77402  		16.50 %
 758 	 77480  		16.46 %
 759 	 83516  		12.41 %
 760 	 80794  		24.54 %
 761 	 81018  		24.92 %
 762 	 82868  		27.94 %
 763 	 80684  		23.62 %
 764 	 77492  		19.32 %
 765 	 80278  		24.27 %
 766 	 77526  		19.58 %
 767 	 78062  		20.25 %
 768 	 77562  		19.57 %
 769 	 78804  		21.17 %
 770 	 77710  		19.85 %
 771 	 78576  		21.25 %
 772 	 77488  		19.61 %
 773 	 77654  		19.68 %
 774 	 77534  		19.73 %
 775 	 77430  		19.32 %
 776 	 77718  		19.89 %
 777 	 78064  		20.43 %
 778 	 77638  		19.81 %
 779 	 77966  		20.10 %
 780 	 77484  		19.34 %
 781 	 77370  		19.57 %
 782 	 77394  		19.41 %
 783 	 77878  		20.03 %
 784 	 77430  		19.37 %
 785 	 77528  		20.06 %
 786 	 77444  		19.49 %
 787 	 77616  		19.83 %
 788 	 77466  		19.73 %
 789 	 81162  		25.24 %
 790 	 77490  		19.50 %
 791 	 77214  		19.10 %
 792 	 77550  		19.57 %
 793 	 77510  		6.64 %
 794 	 77228  		21.91 %
 795 	 77356  		21.92 %
 796 	 77432  		22.12 %
 797 	 77230  		22.28 %
 798 	 77366  		22.20 %
 799 	 77116  		21.96 %
 800 	 77636  		22.80 %
 801 	 77186  		6.20 %
 802 	 77388  		21.88 %
 803 	 77520  		22.41 %
 804 	 77440  		22.70 %
 805 	 77724  		22.78 %
 806 	 77446  		22.25 %
 807 	 77518  		22.51 %
 808 	 77166  		21.61 %
 809 	 81124  		28.35 %
 810 	 77936  		23.13 %
 811 	 77600  		22.67 %
 812 	 77632  		21.90 %
 813 	 77502  		22.35 %
 814 	 77510  		22.24 %
 815 	 77042  		21.47 %
 816 	 77186  		21.80 %
 817 	 77212  		22.08 %
 818 	 77144  		21.80 %
 819 	 77102  		21.68 %
 820 	 77118  		21.76 %
 821 	 77436  		22.34 %
 822 	 77140  		21.76 %
 823 	 77244  		22.14 %
 824 	 77246  		21.82 %
 825 	 77518  		22.53 %
 826 	 77150  		21.93 %
 827 	 77876  		7.33 %
 828 	 77298  		24.69 %
 829 	 77482  		25.02 %
 830 	 77130  		24.47 %
 831 	 77148  		7.19 %
 832 	 77132  		6.73 %
 833 	 77328  		16.54 %
 834 	 77054  		6.59 %
 835 	 77314  		7.22 %
 836 	 77134  		24.64 %
 837 	 77146  		24.63 %
 838 	 77074  		24.50 %
 839 	 76986  		24.20 %
 840 	 77088  		24.68 %
 841 	 77116  		24.95 %
 842 	 77106  		24.50 %
 843 	 77044  		24.64 %
 844 	 77088  		24.68 %
 845 	 77594  		25.28 %
 846 	 77658  		25.63 %
 847 	 76978  		24.72 %
 848 	 77090  		24.73 %
 849 	 77038  		24.71 %
 850 	 77034  		24.51 %
 851 	 77204  		24.56 %
 852 	 77472  		25.31 %
 853 	 77892  		25.96 %
 854 	 76968  		24.42 %
 855 	 77060  		24.74 %
 856 	 77134  		24.85 %
 857 	 77116  		24.67 %
 858 	 77072  		24.59 %
 859 	 77150  		24.51 %
 860 	 77030  		24.65 %
 861 	 77092  		24.66 %
 862 	 77352  		23.74 %
 863 	 77036  		24.53 %
 864 	 76992  		24.39 %
 865 	 76982  		24.89 %
 866 	 77150  		24.59 %
 867 	 76964  		24.52 %
 868 	 77268  		24.82 %
 869 	 77152  		25.00 %
 870 	 77396  		25.06 %
 871 	 77196  		24.91 %
 872 	 77284  		24.84 %
 873 	 77222  		24.75 %
 874 	 77046  		24.56 %
 875 	 77458  		25.03 %
 876 	 76990  		24.26 %
 877 	 77086  		24.39 %
 878 	 77158  		23.09 %
 879 	 77050  		23.89 %
 880 	 77186  		24.39 %
 881 	 76974  		24.26 %
 882 	 77234  		24.52 %
 883 	 77090  		24.22 %
 884 	 77126  		24.61 %
 885 	 76924  		23.94 %
 886 	 77098  		24.13 %
 887 	 76936  		24.11 %
 888 	 76852  		24.02 %
 889 	 77016  		24.23 %
 890 	 77062  		24.25 %
 891 	 77090  		24.17 %
 892 	 77292  		24.64 %
 893 	 77108  		10.33 %
 894 	 77230  		21.91 %
 895 	 77164  		10.07 %
 896 	 76828  		24.07 %
 897 	 76736  		23.73 %
 898 	 76802  		23.70 %
 899 	 77098  		24.14 %
 900 	 77092  		24.47 %
 901 	 76958  		24.25 %
 902 	 76842  		24.30 %
 903 	 76752  		23.70 %
 904 	 76804  		23.84 %
 905 	 76734  		23.16 %
 906 	 77004  		24.13 %
 907 	 76666  		23.78 %
 908 	 76878  		23.97 %
 909 	 76888  		24.00 %
 910 	 76676  		23.56 %
 911 	 76920  		23.75 %
 912 	 76650  		23.80 %
 913 	 76670  		24.05 %
 914 	 76768  		23.79 %
 915 	 76986  		24.32 %
 916 	 76720  		24.08 %
 917 	 76584  		23.55 %
 918 	 76802  		9.86 %
 919 	 76806  		9.82 %
 920 	 76708  		23.95 %
 921 	 76650  		24.18 %
 922 	 76842  		24.23 %
 923 	 76712  		23.82 %
 924 	 76910  		24.11 %
 925 	 76638  		23.68 %
 926 	 76662  		23.90 %
 927 	 76696  		24.10 %
 928 	 76930  		23.71 %
 929 	 76458  		23.40 %
 930 	 76698  		24.09 %
 931 	 76668  		23.59 %
 932 	 76414  		23.30 %
 933 	 76628  		23.77 %
 934 	 76594  		23.71 %
 935 	 76574  		23.64 %
 936 	 76640  		23.74 %
 937 	 76606  		23.82 %
 938 	 76562  		22.98 %
 939 	 76730  		23.49 %
 940 	 76608  		23.84 %
 941 	 76518  		23.56 %
 942 	 76486  		23.49 %
 943 	 76562  		23.73 %
 944 	 76700  		23.79 %
 945 	 76754  		23.85 %
 946 	 76640  		23.73 %
 947 	 76624  		23.41 %
 948 	 76560  		23.71 %
 949 	 76492  		23.24 %
 950 	 76488  		23.53 %
 951 	 76470  		23.45 %
 952 	 76678  		13.18 %
 953 	 76562  		23.40 %
 954 	 76614  		23.77 %
 955 	 76532  		23.74 %
 956 	 76484  		23.57 %
 957 	 76514  		23.51 %
 958 	 76518  		23.63 %
 959 	 76498  		23.32 %
 960 	 76478  		23.48 %
 961 	 76740  		23.13 %
 962 	 76396  		23.20 %
 963 	 76536  		23.82 %
 964 	 76410  		23.07 %
 965 	 76476  		23.34 %
 966 	 76486  		23.67 %
 967 	 76474  		23.82 %
 968 	 76526  		23.85 %
 969 	 76694  		23.86 %
 970 	 76700  		23.91 %
 971 	 76640  		23.97 %
 972 	 76540  		24.08 %
 973 	 76582  		23.87 %
 974 	 76720  		24.07 %
 975 	 76638  		23.64 %
 976 	 76604  		13.31 %
 977 	 76636  		23.41 %
 978 	 76732  		23.95 %
 979 	 76548  		23.85 %
 980 	 76424  		23.24 %
 981 	 76676  		23.93 %
 982 	 76530  		23.51 %
 983 	 76616  		23.97 %
 984 	 76646  		24.02 %
 985 	 76456  		23.58 %
 986 	 76442  		23.37 %
 987 	 76756  		24.00 %
 988 	 76544  		23.81 %
 989 	 76494  		23.46 %
 990 	 76532  		23.85 %
 991 	 76658  		23.86 %
 992 	 76618  		23.32 %
 993 	 76398  		23.64 %
 994 	 76662  		23.91 %
 995 	 76626  		23.85 %
 996 	 76454  		23.49 %
 997 	 76480  		23.68 %
 998 	 76434  		23.36 %
 999 	 76328  		22.93 %
 1000 	 76576  		23.99 %
